821
979
532
345
715
158
35
227
662
4
849
421
953
657
44
174
692
363
352
207
136
432
606
895
968
111
342
900
917
789
680
910
416
219
410
132
989
778
191
915
955
868
819
202
699
829
724
300
618
79
612
985
768
927
373
791
606
535
503
386
82
489
99
839
260
700
489
574
30
492
151
791
534
640
135
195
488
331
558
53
44
48
935
555
439
202
51
106
318
509
61
707
313
318
58
914
899
669
591
820
888
603
303
573
976
766
160
51
984
851
195
97
581
213
707
916
19
889
576
64
66
417
859
34
33
461
818
907
53
233
387
14
588
971
46
391
916
925
300
210
525
730
487
463
597
733
258
522
802
24
